17,177
17,176
17,175
17,174
17,173
17,172
17,171
17,170
17,169
17,168
17,167
17,166
17,165
17,164
17,163
17,162
17,161
17,160
17,159
17,158
17,157
17,156
17,155
17,154
17,153
17,152
17,151
17,150
17,149
17,148
17,147
17,146
17,145
17,144
17,143
17,142
17,141
17,140
17,135
17,134
17,127
17,126
17,125
17,100
17,99
17,98
17,97
17,96
17,95
17,94
17,93
17,92
17,91
17,90
17,89
17,88
17,87
17,86
17,85
17,84
17,83
17,82
17,81
17,80
17,79
17,74
17,73
17,72
17,71
17,70
17,10
17,7
17,6
17,2
17,1
17,0
16,4
16,3
16,2
16,1
16,0
15,8
15,7
15,6
15,5
15,4
15,3
15,2
15,1
15,0
14,5
14,4
14,3
14,2
14,1
14,0
13,4
13,3
13,2
13,1
13,0
12,5
12,4
12,3
12,2
12,1
12,0
11,5
11,4
11,3
11,2
11,1
11,0
10,5
10,4
10,3
10,2
10,1
10,0
9,2
9,1
9,0
8,6
8,5
8,4
8,3
8,2
8,1
8,0
7,3
5,7
5,3
5,2
5,0
0,9
2,18
1,18
0,6
0,0
0,47
0,46
0,49
0,48
0,45
0,12
0,10
0,8
0,11
21,13
21,12
21,7
21,6
21,5
21,4
21,3
21,2
21,0
20,4
20,3
19,24
19,11
19,10
19,7
19,6
19,5
19,4
19,3
18,13
18,12
17,178
17,179
17,182
17,183
17,185
17,186
17,193
17,195
17,196
17,198
17,199
17,201
17,203
17,204
17,206
17,207
17,209
17,210
17,212
17,214
17,215
17,217
17,218
17,220
17,222
17,223
17,225
17,226
17,228
17,229
17,231
17,233
17,234
17,236
17,237
17,239
17,241
17,242
18,1
18,5
19,1
19,2
19,9
19,13
19,14
19,16
19,17
19,19
19,21
19,22
19,26
20,0
20,2
22,0
22,1
22,3
22,4
22,6
23,0
23,2
23,4
23,5
24,0
24,1
24,3
24,5
24,6
25,1
25,2
25,4
25,5
25,7
25,9
26,0
26,2
26,3
27,0
27,2
27,3
27,5
28,0
28,2
28,3
29,0
29,2
29,3
30,0
30,1
30,3
31,0
31,1
31,3
31,4
31,6
31,8
31,9
32,0
32,1
32,3
32,4
32,6
33,1
33,2
33,4
33,3
33,0
32,5
32,2
31,10
31,7
31,5
31,2
30,4
30,2
29,4
29,1
28,4
28,1
27,4
27,1
26,4
26,1
25,8
25,6
25,3
25,0
24,4
24,2
23,6
23,3
23,1
22,5
22,2
21,1
20,1
19,23
19,20
19,18
19,15
19,12
19,8
19,0
17,243
17,240
17,238
17,235
17,232
17,230
17,227
17,224
17,221
17,219
17,216
17,213
17,211
17,208
17,205
17,202
17,200
17,197
17,194
17,192
17,184
17,180
18,11
18,10
18,9
18,8
18,7
18,6
18,4
18,3
18,2
18,0
17,181
17,124
17,11
17,5
17,4
17,3
9,5
9,4
9,3
5,6
5,5
5,4
4,3
3,44
3,43
3,42
3,41
3,40
3,39
3,38
3,37
3,36
3,35
3,34
3,33
3,32
3,31
3,30
3,29
3,28
3,27
3,26
3,25
3,24
3,23
3,22
3,21
3,20
3,19
3,18
3,17
3,16
3,15
3,14
3,13
3,12
3,11
3,10
3,9
3,8
3,7
3,6
3,5
3,4
3,3
3,2
3,0
2,44
2,43
2,42
2,41
2,40
2,39
2,38
2,37
2,36
2,35
2,34
2,33
2,32
2,31
2,30
2,29
2,28
2,27
2,26
2,25
2,24
2,23
2,22
2,21
2,20
2,19
2,17
2,16
2,15
2,14
2,13
2,12
2,11
2,10
2,9
2,8
2,7
2,6
2,5
2,4
2,3
2,2
2,0
1,45
1,44
1,43
1,42
1,41
1,40
1,39
1,38
1,37
1,36
1,35
1,34
1,33
1,32
1,31
1,30
1,29
1,28
1,27
1,26
1,25
1,24
1,23
1,22
1,21
1,20
1,19
1,17
1,16
1,15
1,14
1,13
1,12
1,11
1,10
1,9
1,8
1,7
1,6
1,5
1,4
1,3
1,2
1,0
0,5
0,7
0,4
0,3
